 11 4 0 8 6 10 5 13 12 7 14 3 1 2 9 15
 4 3 6 13 7 15 9 0 10 5 8 11 2 12 1 14
 5 4 7 1 11 12 14 15 10 13 8 6 2 0 9 3
 4 7 13 10 1 2 9 6 12 8 14 5 3 0 11 15
 11 0 15 8 13 12 3 5 10 1 4 6 14 9 7 2
 14 4 0 10 6 5 1 3 9 2 13 15 12 7 8 11
 15 1 3 12 4 0 6 5 2 8 14 9 13 10 7 11
 7 8 3 2 10 12 4 6 11 13 5 15 0 1 9 14
 11 14 13 1 2 3 12 4 15 7 9 5 10 6 8 0
 13 8 14 3 9 1 0 7 15 5 4 10 12 2 6 11
 12 5 13 11 2 10 0 9 7 8 4 3 14 6 15 1
 3 14 9 7 12 15 0 4 1 8 5 6 11 10 2 13
 11 5 1 14 4 12 10 0 2 7 13 3 9 15 6 8
 1 6 12 14 3 2 15 8 4 5 13 9 0 7 11 10
 12 15 2 6 1 14 4 8 5 3 7 0 10 13 9 11
 11 4 2 7 1 0 10 15 6 9 14 8 3 13 5 12
 6 12 11 3 13 7 9 15 2 14 8 10 4 1 5 0
 13 11 4 12 1 8 9 15 6 5 14 2 7 3 10 0
 13 11 8 9 0 15 7 10 4 3 6 14 5 12 2 1
 4 7 14 13 10 3 9 12 11 5 6 15 1 2 8 0
