 11 4 0 8 6 10 5 13 12 7 14 3 1 2 9 15
 1 7 15 14 2 6 4 9 12 11 13 3 0 8 5 10
 3 2 7 9 0 15 12 4 6 11 5 14 8 13 10 1
 15 2 12 11 14 13 9 5 1 3 8 7 0 10 6 4
 15 8 10 7 0 12 14 1 5 9 6 3 13 11 4 2
 11 0 15 8 13 12 3 5 10 1 4 6 14 9 7 2
 15 10 8 3 0 6 9 5 1 14 13 11 7 2 12 4
 12 15 11 10 4 5 14 0 13 7 1 2 9 8 3 6
 7 3 1 13 12 10 5 2 8 0 6 11 14 15 4 9
 5 2 14 0 7 8 6 3 11 12 13 15 4 10 9 1
 11 14 13 1 2 3 12 4 15 7 9 5 10 6 8 0
 3 15 2 5 11 6 4 7 12 9 1 0 13 14 10 8
 10 8 0 12 3 7 6 2 1 14 4 11 15 13 9 5
 8 11 4 6 7 3 10 9 2 12 15 13 0 1 5 14
 12 9 0 6 8 3 5 14 2 4 11 7 10 1 15 13
 11 5 1 14 4 12 10 0 2 7 13 3 9 15 6 8
 12 6 0 4 7 3 15 1 13 9 8 11 2 14 5 10
 14 10 9 4 13 6 5 8 2 12 7 0 1 3 11 15
 13 14 6 12 4 5 1 0 9 3 10 2 15 11 8 7
 7 3 14 13 4 1 10 8 5 12 9 11 2 15 6 0
 6 12 11 3 13 7 9 15 2 14 8 10 4 1 5 0
 1 3 2 5 10 9 15 6 8 14 13 11 12 4 7 0
 14 1 9 6 4 8 12 5 7 2 3 0 10 11 13 15
 12 11 15 3 8 0 4 2 6 13 9 5 14 1 10 7
 5 12 10 7 15 11 14 0 8 2 1 13 3 4 9 6
